Readers
sSeq       oVal       rId        rNum      
1          -1         2          4         
2          -1         3          4         
3          -1         0          4         
4          -1         1          4         
5          -1         0          4         
6          -1         3          4         
7          -1         0          4         
9          5          1          3         
11         7          2          3         
13         6          3          3         
19         4          1          2         
21         5          2          1         
